1602481792	1043485919	617042735	971497221	1003758947	396593534	396245559	698353542	530807220	73123451	2054624777	
1191526435	1436716907	596916286	1302486516	468083204	521188783	438740665	1118413221	25857579	314989150	1328657691	
939411590	1490749281	285632759	62653819	881118164	1070223430	97784121	785784001	1838673291	1700265914	1829269920	
308232379	524279487	685545219	704825913	920525046	1383898761	1235633133	993648498	1291039891	279675921	282881757	
1887956177	1582162437	750964962	261661312	2020903102	1869378183	287518891	188408604	1050552226	1226930481	1679157886	
1336184985	1289584301	412792402	258924768	1387368422	1198576403	2097598059	940150688	880362675	258346790	1464430175	
1565907894	963172703	237471574	802323008	51322189	1231120072	2093362899	330998110	1514001829	1833835428	1913160547	
117483143	2095496740	1786580002	1986861326	235531984	1974988606	889929905	1462462465	1506662844	78631242	604563118	
1919455247	337556010	1991931541	970548002	287670422	784598581	1850910678	546017212	101545109	1269334924	1509189916	
339016683	2071657932	1560512105	1570136755	2017537183	1891510215	936654936	1703888963	1657187114	1054138080	1651902056	
1296283468	893515758	1887434040	1123788427	1783445663	1202412857	482967623	1862076906	1806975976	254939222	52149268	
1651423869	1225487225	339819690	288538802	928914255	885836903	390083911	50765531	247543171	729100594	2122423464	
1808055276	151753701	1992476999	1552081843	1088408638	1548882315	1061785309	2142546718	1053300723	210585130	888578828	
793251115	1334373557	524540844	1995663972	1817341180	239134102	1655156300	2072280403	291283370	1159096521	1150283980	
631103061	1447635324	2079198235	1516939964	1837719235	2129963766	1764483135	419336182	2104903582	1425054763	571089883	
1949896934	829652958	1659498521	1351295601	1891438267	1654561591	257112676	2102023397	395656772	1050363791	1288913306	
920197616	898544115	958770839	1159331718	406216768	883567594	1450615088	1565313289	2033851574	2081718149	865464965	
1965566161	1451174465	555700553	1948046279	1068173952	975036735	1905466214	345745067	1546126618	1707879500	1175398025	
1058141492	911691453	919352645	565219435	1168804129	873892394	960876207	71684272	15322053	1881073823	970228387	
974092892	892921893	1376445155	1857660486	196053334	794274797	1744028412	130287835	1659739762	1562110925	1581462301	
67956667	1362673556	502152605	1042993402	1120656122	847897673	441636373	681051974	2023295698	1499777865	1592743427	
795164695	2064997300	614063908	1669057090	878389860	685748180	1684379143	611980035	1655976568	510988387	1504901929	
884938075	221165225	1700955263	1679212872	1965193637	1831243098	1191468987	1379820914	1265221751	1259425654	595010822	
1767374357	154935409	1715666945	467788382	596571782	249235271	343600432	2096349647	1841978699	1138765128	2013863299	
308558959	660338570	744769511	994307140	197234065	1356749547	502800060	708222452	714167828	1387738135	929387677	
267639443	919467360	747097666	2098882541	2110936347	2126918580	1216620645	1222878353	574445754	836511354	1377813762	
142629051	1304299736	1974385544	391864323	1647900168	1923251543	86359374	639181648	1789631195	394918333	1299520218	
386917058	1389225473	1496754283	1743666605	1892025533	57493087	310350785	1132280021	986880764	577990228	2051747381	
1733978430	529389122	2015200080	1713413362	1746009767	1090594785	140375469	435037473	320924900	283004520	1739337209	
147826796	674868843	1239753729	2071078340	761228217	1878935378	1713225887	1156146551	1030971948	2100142945	397888376	
380242584	1696325903	142430262	437735671	2006676688	1274710283	1424616436	437183269	1178974016	1011111218	966572391	
1046690448	577040933	565098510	2137285233	717416402	1000135983	310726485	1000420922	591989544	458553282	1675289766	
1831743273	382147974	289034335	1563195003	2095373861	1445180886	446683304	2048033158	1843069263	826925888	1596875413	
1985499525	1264661559	1456068454	1112726160	541794347	1893251723	144216528	1552905566	712340466	1190906976	2129946499	
1277438976	1180708561	699879253	130091311	1491435047	1700300175	722080855	1949988329	1228106293	406340480	184652655	
1517140629	1969535484	132542868	814837867	268735140	33092378	510423482	1095661028	1629967792	348439359	212838939	
938552598	1461165519	754633287	684320673	1605382047	160055205	1396661139	648805375	142518056	526616467	1829513937	
842397309	656707778	1173465336	395213836	1378788633	975970017	1623320130	1785129113	1160622672	992977111	1607180949	
1293165540	1807814978	1875916089	1326257918	170754813	824093469	808742062	519194172	1036932409	1747294660	1980359692	
1791565696	284131685	1438258091	1951620901	1680792824	2087063467	2094138957	59925643	1769093756	789052618	716633421	
795075444	1184266454	2095422054	1771045461	660102936	1733067520	784184485	1653080047	1192764821	2077350025	1313411378	
921197263	1256124295	1484166191	1745290732	2064866358	2003360363	634739493	1664677370	1836236407	278821541	1948809056	
1127010851	82958794	1482118232	1066590670	29614103	1542043876	688200778	818666721	111193649	1483276222	2002933176	
59132056	1106838035	515552464	1792199576	1891022520	21148864	837480749	1820888897	1334560242	1758678012	929529544	
671242785	1356485097	846912254	527119500	1991224590	364105977	215872260	122562484	165431385	1342883111	205521278	
1647549617	261990133	235135382	1042109845	950190911	1053802103	1153303495	285983485	909251631	1212435551	1392821520	
1424804096	857151479	1136360392	1445952960	1694632228	809765641	633029554	1305826593	1739295185	1304272339	514828042	
438723792	1831391839	358568984	802829769	2047264099	481131468	968261154	1242663562	686652747	468327123	1504653695	
921788129	1510436969	307360958	1975590232	516256816	593344443	737358216	1728692367	1986165963	14678664	438360198	
975042707	1460631624	2132992426	1784808348	2093661178	1291335371	1376619886	1250449869	1806163413	1815343678	934358060	
17248750	470689799	834138512	498380218	1438950953	2076802074	1185032965	1907278076	1433972122	2106821094	1270231397	
1741333080	1934927679	1786488213	187193876	524802247	1367696932	25876191	539480911	1806057130	1000918899	2000112535	
1791565909	638243599	1946290065	935417632	2014863485	1049256286	594097398	1682723515	1983614346	611346148	5929666	
670269210	1109726366	1444880619	599587637	147275684	1204675048	2033559759	106613130	327422797	1627409191	2041540809	
2113911011	1814603067	418859408	1334124295	1840479259	958340319	992697778	693914510	810969206	636780039	1332158109	
609775623	1572197671	1199537947	1659031909	18811421	734777814	1495162608	630157569	740707481	17948170	1739883936	
38104452	617535807	1887159620	1242779500	503611918	1993772750	1570202298	2131021110	1887829912	1536629661	1798140529	
159205672	723270308	1491136140	1117545992	1715968086	37567002	1928515198	205264477	1369725112	390807174	1777462149	
421779411	2049839083	1796273570	1156557225	1397518043	278947492	1897264706	1415466214	2018831428	1935369159	2033002021	
1758507400	1030665011	389130292	1604796502	453383661	372667754	1345142766	1990013322	23324635	1504348439	565799983	
1514460776	474410783	134284421	1552027778	255442333	339548899	774269242	646249507	2117011048	1196048653	548604943	
1765800970	205122231	1946122986	2044748462	2102386937	1214105552	1916096242	1890272448	1099623926	1527119994	773453812	
1488754218	984432849	1226837473	1861421972	182091967	1069367148	1884746607	1686440406	1635167131	1251723735	13367541	
1769451552	656267866	268809875	2109000451	1430537108	915059382	2078527851	479102114	1463664325	1696845174	684224345	
1262303664	1594109988	639127634	328925568	1362722583	381916435	1428549494	742358929	1155370247	769820064	1726791778	
234724072	483758388	1908883746	1304091220	221021348	1447840504	791774703	1472745083	1461208046	413742608	2129012949	
1730017921	375259411	1412066410	497593655	306303615	1891168524	1961257981	2003148789	427909221	1076077997	1449775129	
1067036855	1405003565	665014064	1448953290	686069412	1407372994	456839889	1455889476	986681124	691563962	1939647865	
748081222	1995655182	13185565	48438079	639946238	1485930648	1509646125	1053688846	1467459950	1092180398	1428948257	
732042712	1589774053	1735251872	475727588	1403548386	1590917013	903636809	332142735	893208495	1970673664	1737146301	
1558222559	1272143307	275732065	818111905	1728983196	1731621541	1804793030	273063510	1523785758	405390604	121235045	
1536971323	453828683	761181283	875418324	1963474808	1814870129	195394626	908171558	1096334738	927437338	350461964	
684102963	1403164926	1754010350	127536328	159318087	2086153086	1020744823	2129991751	1675815739	431483735	1254651410	
1951547804	1249595640	836150959	1535685697	906905022	1109214469	911987808	1312295627	1230449514	301475483	1766124310	
1991630797	1176893807	1582115471	1659017278	1372288433	342803381	607868369	152242123	693265345	1291971332	1555407049	
299792048	1419507660	1714725136	238461486	292768836	1697233240	1914277225	724252571	804401002	1718341381	1973848211	
1640551961	1106543430	733269586	602282783	2018531238	2045565213	1832732297	172523074	1664205875	1676879447	1349416881	
1098837698	1188413077	574221667	1441641080	1796281446	726463790	2134906425	940769130	134387192	287214825	212793143	
1849112328	525676311	505561979	1398861920	292469888	1229814550	55779275	2010811269	1056179113	1696331236	969871052	
1789448699	151130371	840918642	1687530264	1983862669	1013441716	1204252492	1513258468	215374950	155606542	554187897	
789596617	1597247622	202985696	1516060407	1584670400	1143754826	1650447599	1871885225	1356547969	1352076280	250077889	
1862109948	603454552	542547777	944440850	659233827	405875399	2000619964	208081416	1375746451	1642585015	359211787	
69181445	1182631632	195590808	1082623162	239400476	1708849276	1297998112	395007018	115553526	2087594729	1992254641	
318539222	1456171488	1429441393	1462294048	959135440	1153842970	671358370	163728072	1403920859	385984670	767182624	
1946468637	1330425521	1426416452	204860388	1183561837	1634497868	1580606839	678663204	1993709655	1649788284	1861294836	
41816816	584927798	2100695312	1750666092	1882925910	348218683	1866219618	1823036991	192989676	37275192	1131724832	
1622431069	1499569241	2090860272	628790391	23443963	107104696	2032711251	409428633	874287320	1831696240	1739854154	
153220124	2036556628	775932343	1787717992	1469679819	1454595548	1633944000	971984455	1168406736	1675760816	1556912254	
1121618401	1278943260	1292354516	1469837084	997679231	967907860	1662826760	1034954423	2099632692	1137774181	387040016	
2043009316	1766564572	410483979	2630364	1651792175	819912613	876917684	1336004767	412283119	1030137809	1225077747	
1188215463	670372153	547273918	495327363	156832505	1519258374	1663734099	1832593321	928686980	637868852	1	
0	2109	-1094769096	999	10	1000	1000	-1094765016	0	0	0	
0	-1226042197	-1225175040	-1094764700	1	5220313	-1224994816	-1431655765	3677035	141244678	304	
0	5221205	0	0	0	5287936	0	0	0	0	0	
0	0	0	0	0	0	0	0	0	0	0	
0	0	0	-1224991976	-1224992416	-1224991976	0	-1	-1225373819	-1226084316	-1225006664	
0	0	1	0	0	0	-1094764700	-1225175040	-1094764430	-1094764700	-1225162372	
5218304	69664	0	5219136	-1225004880	-1225003664	1	0	-1225112733	-1225005904	1	
1	0	-1094764692	-1226084316	0	0	0	0	0	0	5287936	
-1225093476	0	0	5219825	0	0	5219877	5221265	-1225109947	-1094764700	-1094764430	
0	-1094764414	-1094762946	-1094762929	-1094762915	-1094762877	-1094762863	-1094762842	-1094762832	-1094762765	-1094762754	
